INDEX POETIRUM.

1716111111. 1, 136, 267, 353. 141, 173, 227, 261, 426, 475,
733114, 331. XVI, 153.

1311111111. 111, 433.

nomn. 1411251, 23.

1111111. lx, 424.

Ε

3111161111. [111, 5631 174, 533.

[31111111. 111, 376] ,

31111111. 114, [2361 261,[4361,

311111111111 511111111111. 1, 242, [243, 244, 2461, 277.
11, 77, 73. [111, 6611111. 444.

1411111. 11, 352. 111, 716,712.

tuclus. 11, 36, 234, 255. VII, 36,174, 233, 333, 377.
337. 114, 233, 237, 553, 324. ,111, 242.

31111111. 111, 331.

11111111. 1411, 363.

1111161111. 14, 273. 111, 351.

3111111111. 114, 236.

nummum. Χ, 167.

1311111111. 11, 33141, 363611. 114, 537.

311111.114,122, 717, 71314143. 1411. 172111, 165, 166.

, 3111111111161111.114,75,

3111111 11111111116111111111. 114, 251, 362.

1111111 6111111111. 114, 62.

1161111. 1411, 116, 155.

F

Fucens. IIII, 12.

111116113111111111). 1, 5, 11, 133, 133. 111, 236, [2341.
452, 553114, 45, 33. 117. 7441. 25-27. va, 211.

1111116111111111). ΙΧ, 37.

mmmfflm

G

6111111111. 1411, 263,

4111111111 (ca. 1111111111, 1711, 154136, 331.
141, 71, 244, 245, 275, 354.141,463.

(111111 (131111). V, 43. 7411, 33.

31111111. 7411, 152.

flamus (7111111). VI, 263. 111, 73114, 233, [4161, 414,
767, 746, [7411. 7411, 33, 163, 235.

3111111111 61111. [111, 73, 711124, 17, 13, 337.

6111111. 111, 235. 114, 341, 774, 775. 1411, 441411, 111.

&mm

4111111111111111111111. 1, 32. 1171, 1-254.

H

1111111111. 1111111111.

1111111111 7111111. VII, 137.

11111161. V, 161, 133. VI, 232. XI, 123, 414.

11111111. 111, 433.

flmmstfflfflmmmmmm
XIII,12.

111161611111, 1221114435, 466.

7111111111. 141, 423.

3111111111. VII, 231, 332, [435. XI, 2331
3111111111. 111, 435.
11111611111.114,327. 7411, 11.
11111111111. [ΙΧ, 77,] XVI, 176.
1111111111. 1411, 13 *[0).

11111161. 111, 153.

1

’ 11111111. I, 133. 141, 2331, 33.

161. 111, 43.

11111111. 1, 243, 251, 253.

11111111 13111111. 111, 153, 236, 233, 532. 114, 34.
11116111511611111111. 1153114, 11.

1

7611111 111, 555. 114, 628.

- vid. 31111111111.
1111111131111111.1,233. 11, 12, 13-26, 25, 23, 23,
, 26, 67, 33, [1361. 111, 32, 33, 53, 53, 63, 73, 511,

562, 355, 573, 577. 536-532, 534537, 536-532, 534,

535, 537-361, 633, 365. 114, [3], 333, 445-447, 352,

354, 331, 733, 733, 763, 771, 733-733. 1411, 37, 33,

137, 133, 113, 133, 157, 173, 131, 263, 325, 333.
1111111111111111111311111111111.114,431.141,367-363.
11111111 1111111111. 114, 335, 363. [11, 1631411, 1131
111111. 1113111111.

- vid. 11111111111111111111.

- 113. 36111111.

I

1111. 11, 233.

111111(11111111.111, 17,234. ,111, 2-4.

11111111. Vid. 4111111111.

11631111111111. 111, 266263, 214, 361, 573, 573, [533.
5311. 141, 12. [111, 337 ** (0).]

111111111111111 111111111111. 11, 3213231111, 547-
556, 633, 675. III, 42, 123, 344-356, [3531. XII,
76, 137, 133, 266, 213, [2141. 1411, 26. 1411, 171.

Imauus 1111111111. 1, 133, 266. v1,4,13, 35, 44,
memffifflmwmm
mmmmmmmmmmm
236, 333, 366, 362, 335, 363, 334, 355. 111, 13,13,
35, 67, 163, 173, 11371, 136, 133, 264, 266, 273, 233,
235, 316, 463, 422, 446, 443, [4431 452, 455, 433, 436,
472, 472 *, 473, 436, 563, 564, 566, 643, 652, 654357,
effiwwssffimstmmmmmm,
Immmmmwmwmfflmmw
313, 326. 322, 323, [3271 323, 335, 337, 563, 713, 744.

11ω1ωω1ῌ113ᾞωωα-

mmm

mmwmwfflwwmmfflmm
mfflmmmmmfflmunwffi
mmmmfflffiz

11111111. 111, 747.

1111111. 1111311111.

1111111. 111111116111111111. 11, 131. 1411, 117.

 

