881381381318818181 8meae

INDEX POETARUII.

Numerus 1811188111 iudicet eaput 1818818112, 81881888 numerum epigrammatum. Quae 88818 1118111·
duntur, auctores et epigrammata 1811188111,1[881818 88181118 81 lemmata in codicibus et iibris 1182811888,
71888118 Inprimis, diverse reI ambigue mmmmm. Quod attinet ad critiromm recentium coniectu·

188,1111811(18 omniuo 1811818118.

-οοῡ--υ

X

[888118881113-18, 119. Vid. 1111811881]

utimur. 111, 782.

18882188.111,188.

188188. 111228, 258, 111, 51. 298, 219, 89189111, 888,

’ 883, 811. 11, 28.

881118881111881188. 11, 882111 874. 11, [17],187,
337 ,[192]

8118111188. 111, 828. 111, 218, 758.

1388111185, 11, 889.

88811118. 111, 815.

ὢ58181888.111,255. .1.119.

98818821 ..128

1181111118, t, 81· 88. 11, 8, 1. t [,1]. 218 218, 229, 212,
281 ,[2111 281, 281, 281, 288, 2112112118, 281282,
235, 237, 239, 292, 291, 298, 297, 299, 392. 11, 32, 4l‚'
88,12,11,18,18, 88, [811. 181, [1121 111, 281, 288,
220, 311, 551, 552, 531593 572, 571, 573, 533, 533,
593, 598, 892, 812, 811. III, 152185, 291,112, 132,
819, 831, 811· 811, 853, 882, 885, 877 789 789 X, 11,
81, 89, 88. 89. XI, 57, 81, 359. 352, 351 ,[3571, 385,
872, 878, [8771 879. 882, [191 1921111 88,11, 58,
89, 193, 211, 331. 332.

1181111 152.

818881988111811 18 tt, 2111. 111, 1, 5, 55, 217,
immmmmmmmwssmwu
81. 1118, 8,1, 8, 188, 228,

'Murus 8118111888. 11, 187. [2181. 111, 129, 589.

Ammoi-ri. VI, 1112, 789. [VII. 597, ]1111, 172.

[118118. 111,51. I

81811181,[1’1,187],,1111 287 111 91191197, 199, 181,

109,110,57.1“1..1’11,Ι3 1111212
“ 1111111118. 171, 813, [8711. XI, 13· ·18, [35], 37, 38, 1111,

[1121 118, 111, [1181 15811511 15111551 158, 151,
188, 181, 188, 299, 221, 228-281, [288, 8781418, [185,
188] 111129,

1118888811, 281.

1111188181,111,827. [11, 291 „t

1111188181. 11. 131115, 318, 111, 188, 228, 283. 111, 118,
718,111,17,18.1111,4.[1111888]

8818111188. 11, 28,

8888811881. 111, 181.

Ammonis. [111. 198111, 117.

1118188888. 11, 198.

8811118888111, 821.

1811881188. 111,412,122, [1211

1811111811, 189. 11, 19,199, 111, 115,118. 171, 298.
299, 219, [2281 241, 219, 259, 278, 287, 291, 885, 111.
15, 85, 75,188, 289, 219, 282, 282, [2821281 288, 3111.
887, 889, 899, 898, 192, 427, 181, 187,[179],198, 829,
887, 889, 819, 892, 785, 711, 718, 718. 111, 8, 28, [18].
18, 58, 59, 72, 78, 98. 118, 149151, 215, 283, 211,
298, 297, 892. 895, 899, 828198, 411118, 429, 511,
[Qmmwfflfflwmmmmma
111, 28, 21, 81, 87, 158, 219. 221115. XII, 97.1111,·15,
131,133,113,175,178,197,,229 299, 299, 385.

1811111818188111111,1’1.15,18,11,98,125, 159199,
[17 11, 298, 111, 2, ti, [7], 3, 11, 23. 28. 27, 29, 38,

31, 31, 118, 181, 181, 195, 172, 213, 211, 213, 303.
353, 123128, 825, 745, 713. lX, 88, 231, 107, 503,

120- 721, [7231. X. 2. 111,187,17,8 [131, 203]Ι
1181181181211818188811Ν81818,1,3, 89,81.1’,Ι 198, 228.
1’,11 18, 88, 118, 185, 218, 288 288, 289199, 118,
181581111888. 11111251 28,·11,82,82,83,[91·.
181, 1811112 181288, 288, 281121, 1285111553,
7981752. [11, 2511129, 827, [88111111 181.
,1111181888 (tticum). 11. 88. 111, 81, 215, 288, 499.

. X, 100. XI, 188, amm

11111818181188118188111881,1,1’,258.
8811188881, 111, 897, 89811, 95, 97, 199, 259, 282,

{mmmmmmmmmmm
fwmwmmumnmfflmmm
Immwmmmmmmmm

118,[1881518,518.551.1,1111,88.1111,188,111,

1 333, 334.

1111811118. 11, 287. 111, 888. 111, 19, 111, 218

1181811188, 1112811188,

1131811188 11181188, Ix. 192, [1981

811118, 11, 123, 153, 312. 111, [1391 199, 292, 293,
mfflwmmmmmwm
tx, 111, 818, 811, 715, XVI, 228, 281, 291,

1118181818188. 111, [8181899 421, [1211

Α88811881818.111,195, 289, 2891111, 189, 288, 878, 889,
891, 842, 998, 792, 742111, 228, 248, 211, 287, 284,

1133

 

