w

INDEX POETARUM.

mmmmmmfflwmmmmw1wmmz

Χ1, 25. Χ91, 49, 50, 235, 239.

5101101101111100100). Χ1, 275.

5111101111, 597. Χ91, 39, 144148, 149, 225, 314.

Annus. III, 437.ΧΙΙ, 129.

110111100391, 120.

11011119, 59, 59, 99. 91, 15, 39, 179-191, 192, 195,
207 911, 59, 140,147, 185, 191,213, 214, 278, 895.
ΙΧ, 19, 27, 54, 111, 339, 343, [345-347, 351, 354, 3571,
750. Χ, 7, 9. Χ9, 51. Χ91, 94,154, 179.

1101111101100. ΙΧ, 91. Χ, 10.

5100000101. 91, 133. 911, 441.

Amnum. 911, 50.

Annuus. Χ9, 32-34.

111011111101101110001. 9, 15, 32, 53, 89, 152, 104, 105,
1οωμ101ω109ω5ω91
911, 354, 374, 381,395, 403. ΙΧ, 87, 151, 221, 229,
245, 270, 285, 554, 732. Χ, 4,19. ΧΙ, 25, 29, 320,
Χ91, 241. ’

1111111091, 309, 305. 911, 457. [ΙΧ, 77.]

1111001110. 911, 199, 473.

1111111111420. .

1111110101. ΙΧ, 205, [4341.

Ammo. Χ11, 55, 124.

5101011111 9, 7, 54, 85, 145150, 153, 158, 151, 152,
151,157, 159, 181,185, 189, 194, 202, 283, 209, 210.
91, 305. 911, 111121, 145, 217, 284, 500. ΙΧ, 53, 54,
Μᾞω1ω1ηηπωωῆωωω9
155.Χ111, 23. Χ91, 53, 120.

1111111. 911, 312.

550101101311011111πο105. Χ11, 35.

numus. ΙΧ, 495.

[11111000105. 911, 4941

1010110011. 9. 129. 911, 534. Χ, 23. Χ1, 29, 45, 50, 319,

III-326. 315, 351. XII, 34.

9150111111. 91, 53, 313. XIII, 28.

9110001110515011111) 91, 55. ΙΧ,425427, [5941. Χ91, 38,
mmm

510111011110101. Χ, 731191.

919105 (homos). V, 125. 911, 243, 372, 385, 391. IX, 35,
53, 235, 279, [2831289. Χ, 102. Χ1,72.

nummus. ΙΧ, 118, [1191. Χ9, 27.

911101. 911, 49, 387, 388, 395, 544, 571. 1Χ, 223, 227,
mfflammmmmfflmmmem.
Χ1, 249, 354. Χ91, 275.

11011005. 1Χ,249.

5111110. Χ1, 232.

5111101111. 901. 51110101.

91111110101. 9, 5, 23, 14591, 121, 145155, 301, 310,
mmmmmwwmmmm
318, [3203441. 415, 447, 451, 453, 454, 458450, 471,
mmmwffimmemmm
XI, 352. Χ11, 43, 51, 71, 73, 102118, 134139, 149·
ΜΜᾞᾙο111

I 01111110011091111111011. 911, 255. ΙΧ, 52.

Gemmas. Χ1, 129,144.
cumton. 911, 489, 720, 721.
[0001111100 Χ91,27.]

(111151010101. 11 (9011111115). 911, 897, 893.

(1111101011. 9111101111. 9, 29, 45. Χ1, 2, 5, 5, 11811191
ww

mmmstmmffimmfflmam

5110110101. 911, 153. Χ19, 101.

[5100001111. Χ19,101.]

9010111. 9, 255. ΙΧ, 585597. Χ9, 3538, 40.

consumans 1110010119, 1517.

901111111193100101. Χ9, 13.

conatum. 915. Loacus.

(1001115191, 114.

0111111111101111, 325. IX, 13591, 497. Χ’, 154
XI, 218.

0111100115. 9, 158, 119. 91, 190, 151, 227, 229, 232, 242,
mmmmmmmmme
533, 535, 833, 543, 545, 741, [7441. ΙΧ, [85], 51, 224,
234, 235, 239, 275, 283, 284, 291, 419, 429, 430, 439,
QOffiffimwmmmffi
mffimmm

01111111.111,1,93, [35, 45].

(71111101. ΙΧ, 359.

01101. 911, 557. 1Χ, 135, 523, 808, 909. Χ1’,9.

D

hmmwmwffiQmmmmffl,

540, 541, 735. Χ91, 1, 95.

1111110105. 911, 553.

0110011111 91, 53. 911, 205. 1Χ,533. Χ91, 310.

111101111111ᾸΧ, 329.

1111911105. 111, 730, [7311.

1111101001. 911, 52.

[1110011105. Χ91, 180.

1111000001. Χ1,235·239.

9100111(.101105].1Ἰῐ, 195. ΙΧ, 109. Χ11, 35.

010111511111110911, 393.

01000111. 9, 122. 91, 249, 245, 349. 911, 38, 40 74, 375
fflwfflmwmmwmma

01000105 3111111100. 1Χ, 219.

910101012111011110. 911, 235.

1110001111 30111. 91, [221,98,105.911, 355, 401. IX. 228
mmwa

[1100111115 Ε11100101. 911, 513.

0100110011111109. 911, 155, 57, 85, 87, 99, 9192195
99, 101, 152, 104-115, 113, 121-124, 125, 127,129, 130
QOmmm

01011005. 9, 81, [82841. 91, 3. 9151511, 79, 4821633
715. [ΙΧ, 523. Χ, 381 Χ1, 1921411, 158.

9101111111. 9, 309.

0101001ιο01. 9, 52-58, 138, 193. 91,125, 220, 290
911, 31, 37, 75, 182, 185157, 179, 229, 351, [3521457.
410, 411, 430, 434, 450, 455, 494, 495, 707, 703
ΙΧ, 340, 559, 734111, 195, 353. Χ11, 14, 37, 42, 189·
171.

 

